
Round: 0
00000000
00000000
00000000
00000000
00000000
00000000
00000000
00000000

Valid moves for 1:
3, 3
3, 4
4, 3
4, 4

Player 1: 3, 4

After move by Player 1
00000000
00000000
00000000
00000000
00001000
00000000
00000000
00000000


Round: 1
00000000
00000000
00000000
00000000
00001000
00000000
00000000
00000000

Valid moves for 2:
3, 3
4, 3
4, 4

Player 2: 3, 3

After move by Player 2
00000000
00000000
00000000
00000000
00021000
00000000
00000000
00000000


Round: 2
00000000
00000000
00000000
00000000
00021000
00000000
00000000
00000000

Valid moves for 1:
4, 3
4, 4

Player 1: 4, 4

After move by Player 1
00000000
00000000
00000000
00001000
00021000
00000000
00000000
00000000


Round: 3
00000000
00000000
00000000
00001000
00021000
00000000
00000000
00000000

Valid moves for 2:
4, 3

Player 2: 4, 3

After move by Player 2
00000000
00000000
00000000
00021000
00021000
00000000
00000000
00000000


Round: 4
00000000
00000000
00000000
00021000
00021000
00000000
00000000
00000000

Valid moves for 1:
2, 2
3, 2
4, 2
5, 2

Player 1: 3, 2

After move by Player 1
00000000
00000000
00000000
00021000
00111000
00000000
00000000
00000000


Round: 5
00000000
00000000
00000000
00021000
00111000
00000000
00000000
00000000

Valid moves for 2:
2, 1
2, 3
2, 5
4, 5

Player 2: 2, 1

After move by Player 2
00000000
00000000
00000000
00021000
00211000
02000000
00000000
00000000


Round: 6
00000000
00000000
00000000
00021000
00211000
02000000
00000000
00000000

Valid moves for 1:
3, 1
4, 2
5, 2
5, 3

Player 1: 3, 1

After move by Player 1
00000000
00000000
00000000
00021000
01111000
02000000
00000000
00000000


Round: 7
00000000
00000000
00000000
00021000
01111000
02000000
00000000
00000000

Valid moves for 2:
2, 3
2, 5
4, 1
4, 5

Player 2: 2, 3

After move by Player 2
00000000
00000000
00000000
00021000
01121000
02020000
00000000
00000000


Round: 8
00000000
00000000
00000000
00021000
01121000
02020000
00000000
00000000

Valid moves for 1:
1, 0
1, 1
1, 2
1, 4
2, 2
4, 2
5, 2
5, 4

Player 1: 1, 4

After move by Player 1
00000000
00000000
00000000
00021000
01121000
02010000
00001000
00000000


Round: 9
00000000
00000000
00000000
00021000
01121000
02010000
00001000
00000000

Valid moves for 2:
1, 3
2, 5
3, 0
3, 5
4, 1
4, 5
5, 5

Player 2: 1, 3

After move by Player 2
00000000
00000000
00000000
00021000
01121000
02020000
00021000
00000000


Round: 10
00000000
00000000
00000000
00021000
01121000
02020000
00021000
00000000

Valid moves for 1:
1, 0
1, 1
1, 2
2, 2
4, 2
5, 2
5, 4

Player 1: 1, 2

After move by Player 1
00000000
00000000
00000000
00021000
01121000
02010000
00111000
00000000


Round: 11
00000000
00000000
00000000
00021000
01121000
02010000
00111000
00000000

Valid moves for 2:
0, 3
2, 5
3, 0
3, 5
4, 1
4, 5
5, 5

Player 2: 0, 3

After move by Player 2
00000000
00000000
00000000
00021000
01121000
02020000
00221000
00020000


Round: 12
00000000
00000000
00000000
00021000
01121000
02020000
00221000
00020000

Valid moves for 1:
0, 1
1, 0
1, 1
2, 2
4, 2
5, 2
5, 4

Player 1: 1, 1

After move by Player 1
00000000
00000000
00000000
00021000
01121000
01020000
01111000
00020000


Round: 13
00000000
00000000
00000000
00021000
01121000
01020000
01111000
00020000

Valid moves for 2:
0, 1
0, 5
1, 0
2, 5
3, 0
3, 5
4, 1
4, 5
5, 5

Player 2: 0, 1

After move by Player 2
00000000
00000000
00000000
00021000
01121000
01020000
01211000
02020000


Round: 14
00000000
00000000
00000000
00021000
01121000
01020000
01211000
02020000

Valid moves for 1:
2, 2
4, 2
5, 2
5, 3
5, 4

Player 1: 5, 4

After move by Player 1
00000000
00000000
00001000
00011000
01121000
01020000
01211000
02020000


Round: 15
00000000
00000000
00001000
00011000
01121000
01020000
01211000
02020000

Valid moves for 2:
0, 5
1, 0
1, 5
2, 5
3, 0
3, 5
4, 1
4, 5
5, 3
5, 5

Player 2: 0, 5

After move by Player 2
00000000
00000000
00001000
00011000
01121000
01020000
01212000
02020200


Round: 16
00000000
00000000
00001000
00011000
01121000
01020000
01212000
02020200

Valid moves for 1:
1, 5
2, 2

Player 1: 1, 5

After move by Player 1
00000000
00000000
00001000
00011000
01121000
01020000
01211100
02020200


Round: 17
00000000
00000000
00001000
00011000
01121000
01020000
01211100
02020200

Valid moves for 2:
1, 0
1, 6
2, 5
3, 0
3, 5
4, 1
4, 5
5, 3
5, 5

Player 2: 1, 0

After move by Player 2
00000000
00000000
00001000
00011000
01121000
01020000
22211100
02020200


Round: 18
00000000
00000000
00001000
00011000
01121000
01020000
22211100
02020200

Valid moves for 1:
2, 2

Player 1: 2, 2

After move by Player 1
00000000
00000000
00001000
00011000
01111000
01120000
22211100
02020200


Round: 19
00000000
00000000
00001000
00011000
01111000
01120000
22211100
02020200

Valid moves for 2:
1, 6
2, 0
2, 5
3, 0
4, 1
4, 2
4, 5
5, 3
5, 5
6, 5

Player 2: 1, 6

After move by Player 2
00000000
00000000
00001000
00011000
01111000
01120000
22222220
02020200


Round: 20
00000000
00000000
00001000
00011000
01111000
01120000
22222220
02020200

Valid moves for 1:
0, 0
0, 2
0, 4
2, 4

Player 1: 0, 4

After move by Player 1
00000000
00000000
00001000
00011000
01111000
01120000
22212220
02021200


Round: 21
00000000
00000000
00001000
00011000
01111000
01120000
22212220
02021200

Valid moves for 2:
2, 0
3, 0
4, 1
4, 2
4, 5
5, 3
5, 5
6, 5

Player 2: 2, 0

After move by Player 2
00000000
00000000
00001000
00011000
01111000
22220000
22212220
02021200


Round: 22
00000000
00000000
00001000
00011000
01111000
22220000
22212220
02021200

Valid moves for 1:
0, 0
0, 2
0, 6
1, 7
2, 4
2, 6

Player 1: 0, 0

After move by Player 1
00000000
00000000
00001000
00011000
01111000
22120000
21212220
12021200


Round: 23
00000000
00000000
00001000
00011000
01111000
22120000
21212220
12021200

Valid moves for 2:
0, 2
4, 1
4, 2
4, 5
5, 3
6, 5

Player 2: 0, 2

After move by Player 2
00000000
00000000
00001000
00011000
01111000
22120000
22212220
12221200


Round: 24
00000000
00000000
00001000
00011000
01111000
22120000
22212220
12221200

Valid moves for 1:
0, 6
1, 7
2, 4
2, 6
3, 0

Player 1: 3, 0

After move by Player 1
00000000
00000000
00001000
00011000
11111000
12120000
12212220
12221200


Round: 25
00000000
00000000
00001000
00011000
11111000
12120000
12212220
12221200

Valid moves for 2:
2, 4
4, 1
4, 2
4, 5
5, 3
5, 5
6, 5

Player 2: 2, 4

After move by Player 2
00000000
00000000
00001000
00011000
11111000
12122000
12222220
12221200


Round: 26
00000000
00000000
00001000
00011000
11111000
12122000
12222220
12221200

Valid moves for 1:
0, 6
1, 7
2, 5
2, 6

Player 1: 1, 7

After move by Player 1
00000000
00000000
00001000
00011000
11111000
12122000
11111111
12221200


Round: 27
00000000
00000000
00001000
00011000
11111000
12122000
11111111
12221200

Valid moves for 2:
0, 6
2, 5
2, 7
4, 1
4, 2
4, 5
5, 3
6, 4
6, 5

Player 2: 0, 6

After move by Player 2
00000000
00000000
00001000
00011000
11111000
12122000
11111211
12221220


Round: 28
00000000
00000000
00001000
00011000
11111000
12122000
11111211
12221220

Valid moves for 1:
0, 7
2, 5
2, 6
3, 5

Player 1: 2, 5

After move by Player 1
00000000
00000000
00001000
00011000
11111000
12111100
11111211
12221220


Round: 29
00000000
00000000
00001000
00011000
11111000
12111100
11111211
12221220

Valid moves for 2:
2, 6
2, 7
3, 5
3, 6
4, 1
4, 2
4, 5
5, 3
6, 5

Player 2: 2, 6

After move by Player 2
00000000
00000000
00001000
00011000
11111000
12222220
11111221
12221220


Round: 30
00000000
00000000
00001000
00011000
11111000
12222220
11111221
12221220

Valid moves for 1:
0, 7
2, 7
3, 5
3, 6
3, 7

Player 1: 3, 6

After move by Player 1
00000000
00000000
00001000
00011000
11111010
12222120
11111221
12221220


Round: 31
00000000
00000000
00001000
00011000
11111010
12222120
11111221
12221220

Valid moves for 2:
3, 5
4, 0
4, 1
4, 2
4, 5
4, 6
4, 7
5, 2
5, 3
5, 5
6, 4
6, 5

Player 2: 3, 5

After move by Player 2
00000000
00000000
00001000
00011000
11111210
12222220
11111221
12221220


Round: 32
00000000
00000000
00001000
00011000
11111210
12222220
11111221
12221220

Valid moves for 1:
0, 7
2, 7
3, 7
4, 6

Player 1: 0, 7

After move by Player 1
00000000
00000000
00001000
00011000
11111210
12222120
11111211
12221111


Round: 33
00000000
00000000
00001000
00011000
11111210
12222120
11111211
12221111

Valid moves for 2:
3, 7
4, 0
4, 1
4, 2
4, 5
4, 6
4, 7
5, 3
5, 5
6, 4
6, 5

Player 2: 3, 7

After move by Player 2
00000000
00000000
00001000
00011000
11111222
12222120
11111211
12221111


Round: 34
00000000
00000000
00001000
00011000
11111222
12222120
11111211
12221111

Valid moves for 1:
2, 7
4, 5
4, 6
4, 7

Player 1: 4, 6

After move by Player 1
00000000
00000000
00001000
00011010
11111112
12221110
11111211
12221111


Round: 35
00000000
00000000
00001000
00011010
11111112
12221110
11111211
12221111

Valid moves for 2:
2, 7
4, 0
4, 1
4, 2
4, 5
4, 7
5, 3
5, 5
5, 7
6, 5

Player 2: 2, 7

After move by Player 2
00000000
00000000
00001000
00011010
11111112
12222222
11111211
12221111


Round: 36
00000000
00000000
00001000
00011010
11111112
12222222
11111211
12221111

Valid moves for 1:
4, 7

Player 1: 4, 7

After move by Player 1
00000000
00000000
00001000
00011011
11111111
12222221
11111211
12221111


Round: 37
00000000
00000000
00001000
00011011
11111111
12222221
11111211
12221111

Valid moves for 2:
4, 0
4, 1
4, 2
4, 5
5, 2
5, 3
5, 5
5, 6
5, 7
6, 4
6, 5

Player 2: 4, 0

After move by Player 2
00000000
00000000
00001000
20011011
12111111
12222221
11111211
12221111


Round: 38
00000000
00000000
00001000
20011011
12111111
12222221
11111211
12221111

Valid moves for 1:
4, 1
4, 2
5, 0

Player 1: 5, 0

After move by Player 1
00000000
00000000
10001000
10011011
12111111
12222221
11111211
12221111


Round: 39
00000000
00000000
10001000
10011011
12111111
12222221
11111211
12221111

Valid moves for 2:
4, 1
4, 2
4, 5
5, 2
5, 3
5, 5
5, 6
5, 7
6, 4
6, 5

Player 2: 4, 1

After move by Player 2
00000000
00000000
10001000
12011011
12211111
12222221
11111211
12221111


Round: 40
00000000
00000000
10001000
12011011
12211111
12222221
11111211
12221111

Valid moves for 1:
4, 2
5, 1
5, 2

Player 1: 5, 1

After move by Player 1
00000000
00000000
11001000
11011011
11211111
11222221
11111211
12221111


Round: 41
00000000
00000000
11001000
11011011
11211111
11222221
11111211
12221111

Valid moves for 2:
4, 2
4, 5
5, 2
5, 3
5, 5
5, 6
5, 7
6, 1
6, 4
6, 5

Player 2: 4, 2

After move by Player 2
00000000
00000000
11001000
11211011
11221111
11222221
11111211
12221111


Round: 42
00000000
00000000
11001000
11211011
11221111
11222221
11111211
12221111

Valid moves for 1:
5, 2
5, 3

Player 1: 5, 2

After move by Player 1
00000000
00000000
11101000
11111011
11121111
11122221
11111211
12221111


Round: 43
00000000
00000000
11101000
11111011
11121111
11122221
11111211
12221111

Valid moves for 2:
4, 5
5, 3
5, 5
5, 6
5, 7
6, 0
6, 1
6, 2
6, 4

Player 2: 4, 5

After move by Player 2
00000000
00000000
11101000
11111211
11122211
11122221
11111211
12221111


Round: 44
00000000
00000000
11101000
11111211
11122211
11122221
11111211
12221111

Valid moves for 1:
5, 5
5, 6

Player 1: 5, 5

After move by Player 1
00000000
00000000
11101100
11111111
11122111
11122121
11111111
12221111


Round: 45
00000000
00000000
11101100
11111111
11122111
11122121
11111111
12221111

Valid moves for 2:
5, 3
5, 6
5, 7
6, 0
6, 1
6, 2
6, 4
6, 6

Player 2: 5, 3

After move by Player 2
00000000
00000000
11121100
11122111
11122211
11122121
11111111
12221111


Round: 46
00000000
00000000
11121100
11122111
11122211
11122121
11111111
12221111

Valid moves for 1:
6, 2
6, 3
6, 4

Player 1: 6, 3

After move by Player 1
00000000
00010000
11111100
11112111
11112211
11112121
11111111
12221111


Round: 47
00000000
00010000
11111100
11112111
11112211
11112121
11111111
12221111

Valid moves for 2:
5, 6
5, 7
6, 0
6, 1
6, 2
6, 4
6, 5
6, 6
7, 3

Player 2: 5, 6

After move by Player 2
00000000
00010000
11111120
11112221
11112221
11112121
11111111
12221111


Round: 48
00000000
00010000
11111120
11112221
11112221
11112121
11111111
12221111

Valid moves for 1:
5, 7
6, 5
6, 6
6, 7

Player 1: 6, 6

After move by Player 1
00000000
00010010
11111110
11112211
11112211
11112111
11111111
12221111


Round: 49
00000000
00010010
11111110
11112211
11112211
11112111
11111111
12221111

Valid moves for 2:
5, 7
6, 0
6, 1
6, 2
6, 4
6, 5
6, 7
7, 2
7, 3
7, 7

Player 2: 5, 7

After move by Player 2
00000000
00010010
11111112
11112221
11112211
11112111
11111111
12221111


Round: 50
00000000
00010010
11111112
11112221
11112211
11112111
11111111
12221111

Valid moves for 1:
6, 7

Player 1: 6, 7

After move by Player 1
00000000
00010011
11111111
11112221
11112211
11112111
11111111
12221111


Round: 51
00000000
00010011
11111111
11112221
11112211
11112111
11111111
12221111

Valid moves for 2:
6, 0
6, 1
6, 2
6, 4
6, 5
7, 2
7, 3
7, 6
7, 7

Player 2: 6, 0

After move by Player 2
00000000
20010011
12111111
11212221
11122211
11112111
11111111
12221111


Round: 52
00000000
20010011
12111111
11212221
11122211
11112111
11111111
12221111

Valid moves for 1:
6, 1
6, 2
7, 0

Player 1: 7, 0

After move by Player 1
10000000
10010011
12111111
11212221
11122211
11112111
11111111
12221111


Round: 53
10000000
10010011
12111111
11212221
11122211
11112111
11111111
12221111

Valid moves for 2:
6, 1
6, 2
6, 4
6, 5
7, 2
7, 3
7, 6
7, 7

Player 2: 6, 1

After move by Player 2
10000000
12010011
12211111
11222221
11122211
11112111
11111111
12221111


Round: 54
10000000
12010011
12211111
11222221
11122211
11112111
11111111
12221111

Valid moves for 1:
6, 2
7, 1
7, 2

Player 1: 7, 1

After move by Player 1
11000000
11010011
11211111
11222221
11122211
11112111
11111111
12221111


Round: 55
11000000
11010011
11211111
11222221
11122211
11112111
11111111
12221111

Valid moves for 2:
6, 2
6, 4
6, 5
7, 2
7, 3
7, 4
7, 6
7, 7

Player 2: 6, 2

After move by Player 2
11000000
11210011
11221111
11222221
11122211
11112111
11111111
12221111


Round: 56
11000000
11210011
11221111
11222221
11122211
11112111
11111111
12221111

Valid moves for 1:
6, 4
7, 2
7, 3

Player 1: 7, 2

After move by Player 1
11100000
11110011
11121111
11122221
11122211
11112111
11111111
12221111


Round: 57
11100000
11110011
11121111
11122221
11122211
11112111
11111111
12221111

Valid moves for 2:
6, 4
6, 5
7, 3
7, 6
7, 7

Player 2: 6, 4

After move by Player 2
11100000
11112011
11122211
11122221
11122211
11112111
11111111
12221111


Round: 58
11100000
11112011
11122211
11122221
11122211
11112111
11111111
12221111

Valid moves for 1:
6, 5
7, 3
7, 4
7, 5

Player 1: 7, 4

After move by Player 1
11101000
11111011
11121211
11121221
11121211
11111111
11111111
12221111


Round: 59
11101000
11111011
11121211
11121221
11121211
11111111
11111111
12221111

Valid moves for 2:
6, 5
7, 3
7, 5
7, 6
7, 7

Player 2: 6, 5

After move by Player 2
11101000
11111211
11122211
11121221
11121211
11111111
11111111
12221111


Round: 60
11101000
11111211
11122211
11121221
11121211
11111111
11111111
12221111

Valid moves for 1:
7, 5
7, 6

Player 1: 7, 5

After move by Player 1
11101100
11111111
11122111
11121121
11121111
11111111
11111111
12221111


Round: 61
11101100
11111111
11122111
11121121
11121111
11111111
11111111
12221111

Valid moves for 2:
7, 3
7, 6
7, 7

Player 2: 7, 3

After move by Player 2
11121100
11122111
11122211
11121121
11121111
11111111
11111111
12221111


Round: 62
11121100
11122111
11122211
11121121
11121111
11111111
11111111
12221111

Valid moves for 1:

Player 1 can't move

Round: 62
11121100
11122111
11122211
11121121
11121111
11111111
11111111
12221111

Valid moves for 2:
7, 6
7, 7

Player 2: 7, 6

After move by Player 2
11122220
11122221
11122221
11121121
11121111
11111111
11111111
12221111


Round: 63
11122220
11122221
11122221
11121121
11121111
11111111
11111111
12221111

Valid moves for 1:
7, 7

Player 1: 7, 7

After move by Player 1
11111111
11122211
11122121
11121121
11121111
11111111
11111111
12221111


Round: 64
11111111
11122211
11122121
11121121
11121111
11111111
11111111
12221111

Valid moves for 2:

Player 2 can't move

Round: 64
11111111
11122211
11122121
11121121
11121111
11111111
11111111
12221111

Valid moves for 1:

Player 1 can't move

Black: 52
White: 12

